TABLE_NAME
Employees
Categories
Customers
Shippers
Suppliers
Orders
Products
Order Details
CustomerCustomerDemo
CustomerDemographics
Region
Territories
EmployeeTerritories
